# CoordinateSystem: PROJCS["SIRGAS 2000 / UTM zone 22S",GEOGCS["SIRGAS 2000",DATUM["Sistema de Referencia Geocentrico para las AmericaS 2000",SPHEROID["GRS 1980",6378137,298.257222101,AUTHORITY["EPSG","7019"]],TOWGS84[0,0,0,0,0,0,0],AUTHORITY["EPSG","6674"]],PRIMEM["Greenwich",0,AUTHORITY["EPSG","8901"]],UNIT["degree",0.01745329251994328,AUTHORITY["EPSG","9102"]],AUTHORITY["EPSG","4674"]],PROJECTION["Transverse_Mercator",AUTHORITY["EPSG","9807"]],PARAMETER["latitude_of_origin",0],PARAMETER["central_meridian",-51],PARAMETER["scale_factor",0.9996],PARAMETER["false_easting",500000],PARAMETER["false_northing",10000000],UNIT["metre",1,AUTHORITY["EPSG","9001"]],AUTHORITY["EPSG","31982"]]
#Label	X/Easting	Y/Northing	Z/Altitude	Accuracy_X/Y/Z_(m)	Error_(m)	X_error	Y_error	Z_error	X_est	Y_est	Z_est
C1	677326.367000	7183311.561000	918.610800	0.005000	0.020234	-0.003611	-0.019830	0.001780	677326.363390	7183311.541173	918.612580
C2	677232.615000	7183347.923000	907.515260	0.005000	0.035733	0.015842	-0.017167	0.027040	677232.630839	7183347.905835	907.542300
C3	677348.363000	7183404.373000	910.354550	0.005000	0.058014	-0.053669	0.016544	-0.014546	677348.309339	7183404.389541	910.340004
C4	677277.037000	7183448.112000	907.535640	0.005000	0.022825	0.012372	-0.012106	0.014878	677277.049370	7183448.099896	907.550518
C5	677315.140000	7183513.858000	908.344700	0.005000	0.042977	0.035524	0.024051	0.002569	677315.175519	7183513.882047	908.347269
C6	677388.469000	7183489.352000	913.612550	0.005000	0.028445	-0.018695	0.008075	0.019860	677388.450308	7183489.360074	913.632410
C7	677320.593000	7183569.561000	907.719060	0.005000	0.062811	0.040756	0.001669	-0.047764	677320.633750	7183569.562669	907.671296
C8	677392.859000	7183541.191000	913.166440	0.005000	0.016195	-0.012838	0.006626	0.007318	677392.846164	7183541.197625	913.173758
C9	677336.586000	7183609.668000	904.742100	0.005000	0.057240	0.030786	-0.032147	0.035989	677336.616781	7183609.635858	904.778089
C10	677433.145000	7183591.339000	912.720030	0.005000	0.040840	0.033821	0.016935	0.015403	677433.178816	7183591.355932	912.735433
C11	677508.114000	7183756.669000	914.324300	0.005000	0.121302	0.075170	0.067551	-0.067086	677508.189158	7183756.736541	914.257214
C12	677413.250000	7183781.707000	913.673100	0.005000	0.267710	-0.163518	-0.202999	-0.061006	677413.086507	7183781.504032	913.612094
C13	677524.487000	7183823.253000	912.853400	0.005000	0.055878	0.040811	0.010890	-0.036581	677524.527805	7183823.263888	912.816819
C14	677478.561000	7183839.697000	912.882800	0.005000	0.063588	0.022697	-0.006043	0.059091	677478.583693	7183839.690958	912.941891
C15	677582.844000	7183862.566000	911.776800	0.005000	0.021093	-0.011608	-0.017122	0.004124	677582.832394	7183862.548881	911.780924
C17	677607.069000	7183923.885000	909.236300	0.005000	0.045376	-0.025557	0.024453	0.028423	677607.043447	7183923.909449	909.264723
C16	677471.604000	7183917.108000	911.883500	0.005000	0.111630	-0.054358	-0.094009	0.025859	677471.549651	7183917.014005	911.909359
C18	677507.994000	7183971.269000	907.726900	0.005000	0.025867	-0.014884	0.000505	-0.021150	677507.979118	7183971.269505	907.705750
C19	677521.674000	7184036.352000	905.395200	0.005000	0.043437	0.031085	-0.029653	-0.006418	677521.705080	7184036.322351	905.388782
C20	677640.215000	7183968.355000	907.218600	0.005000	0.047319	-0.043051	0.005015	0.018987	677640.171955	7183968.360015	907.237587
C21	677557.117000	7184104.994000	907.078740	0.005000	0.072365	0.046220	0.038495	0.040231	677557.163213	7184105.032489	907.118971
C22	677664.590000	7184086.161000	909.779850	0.005000	0.060191	-0.030771	0.044722	-0.026000	677664.559234	7184086.205715	909.753850
C23	677577.121000	7184173.381000	907.501650	0.005000	0.035539	0.026828	0.012007	-0.019977	677577.147824	7184173.393005	907.481673
C24	677675.328000	7184140.093000	910.687560	0.005000	0.037232	-0.028570	-0.014256	-0.019150	677675.299434	7184140.078746	910.668410
C25	677610.762000	7184216.398000	910.249940	0.005000	0.037718	0.016541	0.008941	0.032697	677610.778538	7184216.406939	910.282637
C26	677702.811000	7184186.720000	913.048160	0.005000	0.061707	-0.040143	-0.001721	0.046833	677702.770863	7184186.718280	913.094993
C27	677622.833000	7184268.056000	913.847530	0.005000	0.027350	-0.004710	-0.016822	-0.021044	677622.828290	7184268.039181	913.826486
C28	677728.079000	7184226.245000	913.805240	0.005000	0.039573	-0.026043	0.003777	0.029555	677728.052961	7184226.248776	913.834795
C29	677675.195000	7184401.404000	914.092350	0.005000	0.060860	0.048138	0.030408	0.021493	677675.243131	7184401.434404	914.113843
C30	677789.476000	7184349.173000	914.447450	0.005000	0.074741	-0.052206	0.052034	-0.012381	677789.423802	7184349.225026	914.435069
C31	677797.700000	7184411.175000	924.740000	0.005000	0.086032	-0.038668	0.052350	0.056265	677797.661338	7184411.227342	924.796265
C32	677720.252000	7184460.933000	919.849000	0.005000	0.054095	-0.018025	-0.032049	0.039677	677720.233978	7184460.900956	919.888677
C33	677810.417000	7184423.208000	924.899540	0.005000	0.163812	0.085940	-0.089115	-0.107273	677810.502926	7184423.118899	924.792267
V01	677301.987000	7183375.209000	907.430200	0.005000	0.035967	-0.017763	0.010170	-0.029575	677301.969239	7183375.219168	907.400625
V02	677324.640000	7183452.273000	907.455700	0.005000	0.046189	0.036658	-0.023778	-0.014974	677324.676652	7183452.249226	907.440726
V03	677368.727000	7183536.108000	912.755800	0.005000	0.093455	-0.056862	0.067546	-0.030628	677368.670147	7183536.175535	912.725172
V04	677386.582000	7183597.524000	904.945000	0.005000	0.053413	0.010153	-0.051248	0.011113	677386.592151	7183597.472760	904.956113
V05	677495.316000	7183794.561000	913.604000	0.005000	0.042925	-0.015482	0.026688	0.029843	677495.300521	7183794.587684	913.633843
V06	677537.658000	7183865.843000	912.040470	0.005000	0.171609	-0.034612	-0.008668	0.167859	677537.623393	7183865.834333	912.208329
V07	677547.541000	7183910.337000	910.238900	0.005000	0.050720	0.038298	0.001403	0.033225	677547.579292	7183910.338403	910.272125
V08	677561.289000	7183974.761000	907.666560	0.005000	0.083090	-0.040010	-0.009359	0.072219	677561.248996	7183974.751642	907.738779
V09	677597.438000	7184045.504000	906.061400	0.005000	0.151837	0.020405	0.139431	-0.056544	677597.458402	7184045.643410	906.004856
V10	677610.779000	7184122.534000	908.148800	0.005000	0.047909	-0.013470	-0.005196	-0.045682	677610.765532	7184122.528805	908.103118
V11	677660.787000	7184173.432000	911.552250	0.005000	0.050953	-0.019303	-0.045692	0.011657	677660.767699	7184173.386315	911.563907
V12	677676.289000	7184226.952000	913.555540	0.005000	0.046032	-0.008967	0.019650	0.040650	677676.280034	7184226.971647	913.596190
V13	677737.088000	7184426.757000	916.325800	0.005000	0.067446	0.013478	0.058149	0.031402	677737.101476	7184426.815140	916.357202
C34	677413.770000	7183654.724000	904.239140	0.005000	0.107345	0.006738	0.106769	0.008828	677413.776737	7183654.830753	904.247968
C35	677431.171000	7183699.140000	903.995400	0.005000	0.016788	0.013744	0.005596	-0.007849	677431.184742	7183699.145595	903.987551
C36	677449.157000	7183742.009000	904.886050	0.005000	0.056442	0.025355	0.037890	-0.033274	677449.182351	7183742.046884	904.852776
C37	677191.976000	7183373.939000	907.474500	0.005000	0.034326	-0.000044	0.014501	-0.031112	677191.975956	7183373.953499	907.443388
C38	677242.988000	7183478.522000	907.564640	0.005000	0.055440	-0.046358	-0.020317	-0.022624	677242.941650	7183478.501686	907.542016
C39	677267.572000	7183570.113000	908.295350	0.005000	0.043931	0.029498	0.023687	0.022332	677267.601493	7183570.136684	908.317682
C40	677290.819000	7183625.310000	904.327800	0.005000	0.060657	-0.052271	0.009977	-0.029110	677290.766737	7183625.319976	904.298690
C41	677334.916000	7183703.568000	901.424700	0.005000	0.028795	-0.025974	0.008891	0.008686	677334.890030	7183703.576890	901.433386
C42	677362.341000	7183768.728000	902.153440	0.005000	0.080193	-0.052254	-0.038567	0.047043	677362.288754	7183768.689439	902.200483
C43	677398.937000	7183841.111000	911.226200	0.005000	0.041271	0.027861	0.020894	0.022148	677398.964857	7183841.131890	911.248348
C44	677394.378000	7183871.488000	910.488950	0.005000	0.044130	0.029278	0.032113	-0.007684	677394.407273	7183871.520108	910.481266
C45	677445.117000	7183998.459000	907.854200	0.005000	0.066271	0.065841	-0.003828	-0.006498	677445.182830	7183998.455173	907.847702
C46	677467.462000	7184065.603000	905.128230	0.005000	0.022547	0.008375	-0.017993	0.010699	677467.470374	7184065.585009	905.138929
C47	677486.192000	7184091.930000	905.154200	0.005000	0.075880	0.019443	-0.064413	0.035081	677486.211440	7184091.865596	905.189281
C48	677535.438000	7184164.826000	905.466430	0.005000	0.063185	0.038613	0.031466	-0.038876	677535.476607	7184164.857461	905.427554
C49	677613.056000	7184323.371000	913.943400	0.005000	0.056213	0.037164	-0.027824	0.031695	677613.093158	7184323.343180	913.975095
C50	677635.933000	7184413.980000	914.410770	0.005000	0.039694	0.027314	-0.007779	-0.027731	677635.960310	7184413.972222	914.383039
C51	677678.908000	7184460.067000	915.698240	0.005000	0.071734	-0.042232	0.054852	-0.018799	677678.865774	7184460.121844	915.679441
V14	677242.881000	7183453.320000	907.496300	0.005000	0.097239	-0.010526	-0.049725	-0.082898	677242.870476	7183453.270282	907.413402
V15	677294.271000	7183558.786000	907.706050	0.005000	0.073988	0.021251	-0.041535	-0.057424	677294.292248	7183558.744472	907.648626
V16	677298.639000	7183606.438000	907.211100	0.005000	0.079073	0.067913	-0.007454	-0.039811	677298.706902	7183606.430547	907.171289
V17	677322.177000	7183669.851000	901.915000	0.005000	0.107362	0.020356	0.015757	-0.104230	677322.197353	7183669.866755	901.810770
V18	677369.622000	7183735.892000	904.369400	0.005000	0.036746	-0.014515	0.029624	-0.016187	677369.607487	7183735.921619	904.353213
V19	677410.871000	7183822.590000	912.591700	0.005000	0.085483	0.002393	-0.019706	0.083146	677410.873393	7183822.570297	912.674846
V21	677466.906000	7183972.095000	908.485170	0.005000	0.092524	0.069758	-0.058520	-0.016430	677466.975747	7183972.036489	908.468740
V22	677526.482000	7184003.940000	906.192700	0.005000	0.143650	0.079509	-0.051026	-0.108213	677526.561497	7184003.888982	906.084487
V23	677503.347000	7184042.717000	905.287100	0.005000	0.061874	0.005601	-0.020575	-0.058084	677503.352600	7184042.696428	905.229016
V24	677545.686000	7184080.811000	906.125700	0.005000	0.081383	0.075917	0.029149	0.003195	677545.761906	7184080.840144	906.128895
V26	677549.999000	7184185.238000	906.721740	0.005000	0.178627	0.154301	0.055347	-0.070959	677550.153278	7184185.293339	906.650781
V28	677656.859000	7184427.859000	914.391400	0.005000	0.100862	0.056945	0.043802	0.070794	677656.915936	7184427.902795	914.462194
#Total error					0.070917	0.042814	0.045533	0.033510			
